186	302	3	891717742
244	51	2	880606923
298	474	4	884182806
253	465	5	891628467
6	86	3	883603013
286	1014	5	879781125
210	40	3	891035994
303	785	3	879485318
194	274	2	879539794
234	1184	2	892079237
167	486	4	892738452
291	118	2	874833878
95	546	2	879196566
102	768	2	883748450
160	234	5	876861185
301	98	4	882075827
290	88	4	880731963
157	274	4	886890835
278	603	5	891295330
7	32	4	891350932
284	304	4	885329322
276	564	3	874791805
246	201	5	884921594
249	241	5	879641194
178	332	3	882823437
81	432	2	876535131
25	181	5	885853415
72	679	2	880037164
290	143	5	880474293
292	515	4	881103977
20	288	1	879667584
13	526	3	882141053
138	26	5	879024232
60	427	5	883326620
223	274	4	891550094
243	15	3	879987440
246	416	3	884923047
241	690	2	887249482
254	1444	3	886475558
127	229	5	884364867
299	229	3	878192429
276	54	3	874791025
222	366	4	878183381
42	403	3	881108684
95	625	4	888954412
162	25	4	877635573
279	154	5	875296291
119	1153	5	874781198
62	382	3	879375537
135	23	4	879857765
90	382	5	891383835
293	685	3	888905170
166	328	5	886397722
271	132	5	885848672
265	118	4	875320714
42	96	5	881107178
110	307	4	886987260
90	648	4	891384754
62	21	3	879373460
237	514	4	879376641
128	485	3	879966895
44	195	5	878347874
194	385	2	879524643
222	750	5	883815120
41	265	3	890687042
82	135	3	878769629
293	471	3	888904884
250	140	3	878092059
286	379	5	877533771
7	479	4	891352010
87	274	4	879876734
82	1134	2	884714402
13	272	4	884538403
305	427	5	886323090
43	14	2	883955745
57	419	3	883698454
269	504	4	891449922
194	466	4	879525876
99	268	3	885678247
259	117	4	874724988
303	919	4	879467295
121	514	3	891387947
49	559	2	888067405
155	323	2	879371261
172	177	4	875537965
268	231	4	875744136
305	117	2	886324028
43	137	4	875975656
80	466	5	887401701
298	281	3	884183336
66	298	4	883601324
268	1035	2	875542174
13	98	4	881515011
7	455	4	891353086
200	673	5	884128554
213	172	5	878955442
94	1217	3	891723086
38	328	4	892428688
293	1267	3	888906966
130	216	4	875216545
256	452	4	882164999
72	48	4	880036718
13	360	4	882140926
92	77	3	875654637
292	174	5	881105481
251	748	2	886272175
181	220	4	878962392
305	471	4	886323648
161	202	5	891170769
125	235	2	892838559
58	1098	4	884304936
90	347	4	891383319
194	181	3	879521396
110	688	1	886987605
151	10	5	879524921
6	14	5	883599249
303	69	5	879467542
301	790	4	882078621
305	214	2	886323068
91	323	2	891438397
294	109	4	877819599
200	318	5	884128458
178	568	4	882826555
62	65	4	879374686
92	172	4	875653271
36	339	5	882157581
63	242	3	875747190
279	68	4	875307407
14	98	3	890881335
194	54	3	879525876
119	237	5	874775038
268	930	2	875742942
66	258	4	883601089
83	623	4	880308578
192	476	2	881368243
268	145	1	875744501
307	89	5	879283786
83	576	4	880308755
297	133	4	875240090
7	382	4	891352093
181	872	1	878961814
85	507	4	879456199
59	468	3	888205855
193	96	1	889124507
292	11	5	881104093
275	98	4	875155140
219	82	1	889452455
123	427	3	879873020
158	177	4	880134407
302	322	2	879436875
301	79	5	882076403
201	695	1	884140115
1	189	3	888732928
23	385	4	874786462
296	705	5	884197193
33	872	3	891964230
16	64	5	877720297
154	357	4	879138713
296	508	5	884196584
244	673	3	880606667
13	215	5	882140588
270	452	4	876956264
187	64	5	879465631
170	749	5	887646170
184	218	3	889909840
181	1295	1	878961781
1	33	4	878542699
184	321	5	889906967
94	343	4	891725009
23	323	2	874784266
301	191	3	882075672
82	183	3	878769848
218	430	3	877488316
303	134	5	879467959
215	212	2	891435680
254	662	4	887347350
104	984	1	888442575
267	410	4	878970785
240	879	3	885775745
294	271	5	889241426
18	26	4	880129731
308	649	4	887739292
191	302	4	891560253
200	96	5	884129409
61	678	3	892302309
271	709	3	885849325
275	597	3	876197678
87	40	3	879876917
272	1393	2	879454663
207	1115	2	879664906
271	378	4	885849447
49	959	2	888068912
130	1017	3	874953895
203	321	3	880433418
43	323	3	875975110
197	96	5	891409839
194	66	3	879527264
308	402	4	887740700
269	522	5	891447773
268	62	3	875310824
121	291	3	891390477
134	286	3	891732334
234	612	3	892079140
38	758	1	892434626
7	163	4	891353444
275	405	2	876197645
102	823	3	888801465
178	731	4	882827532
256	781	5	882165296
244	186	3	880605697
43	815	4	883956189
151	197	5	879528710
109	631	3	880579371
249	188	4	879641067
301	604	4	882075994
92	501	2	875653665
268	436	3	875310745
213	173	5	878955442
13	498	4	882139901
5	17	4	875636198
174	315	5	886432749
213	515	4	878870518
128	15	4	879968827
181	279	1	878962955
250	238	4	878089963
60	60	5	883327734
119	407	3	887038665
216	228	3	880245642
203	471	4	880434463
13	892	3	882774224
286	288	5	875806672
99	111	1	885678886
65	47	2	879216672
269	217	2	891451610
250	596	5	878089921
201	960	2	884112077
111	328	4	891679939
215	211	4	891436202
189	1060	5	893264301
303	404	4	879468375
187	210	4	879465242
214	568	4	892668197
285	191	4	890595859
96	156	4	884402860
115	1067	4	881171009
116	350	3	886977926
269	246	5	891457067
70	431	3	884150257
72	182	5	880036515
290	50	5	880473582
299	303	3	877618584
200	365	5	884129962
184	187	4	889909024
13	229	4	882397650
235	185	4	889655435
246	94	2	884923505
63	762	3	875747688
92	168	4	875653723
307	174	4	879283480
256	849	2	882164603
164	406	2	889402389
224	77	4	888103872
94	184	2	891720862
130	109	3	874953794
94	720	1	891723593
129	873	1	883245452
64	381	4	879365491
45	25	4	881014015
276	922	4	889174849
234	187	4	892079140
21	370	1	874951293
264	721	5	886123656
197	346	3	891409070
308	427	4	887736584
131	126	4	883681514
109	8	3	880572642
230	680	4	880484286
192	1061	4	881368891
90	900	4	891382309
128	603	5	879966839
244	265	4	880606634
157	25	3	886890787
119	382	5	874781742
231	181	4	888605273
288	132	3	886374129
301	33	4	882078228
90	259	2	891382392
59	742	3	888203053
130	642	4	875216933
56	121	5	892679480
62	12	4	879373613
181	1015	1	878963121
178	845	4	882824291
79	303	4	891271203
308	81	5	887737293
269	198	4	891447062
222	781	3	881059677
269	22	1	891448072
230	742	5	880485043
239	1099	5	889179253
56	546	3	892679460
271	1028	2	885848102
69	240	3	882126156
22	376	3	878887112
82	717	1	884714492
269	234	1	891449406
243	1039	4	879988184
282	325	1	881703044
118	200	5	875384647
171	292	4	891034835
10	100	5	877891747
107	333	3	891264267
13	901	1	883670672
244	17	2	880607205
226	242	5	883888671
276	417	4	874792907
306	235	4	876504354
280	631	5	891700751
56	71	4	892683275
1	202	5	875072442
173	289	4	877556988
185	23	4	883524249
244	381	4	880604077
7	497	4	891352134
178	742	3	882823833
234	1462	3	892333865
109	127	2	880563471
269	705	2	891448850
264	655	4	886123530
42	588	5	881108147
87	367	4	879876702
256	127	4	882164406
181	762	2	878963418
92	739	2	876175582
246	665	4	884922831
188	692	5	875072583
5	439	1	878844423
193	407	4	889127921
90	1198	5	891383866
5	225	2	875635723
311	432	4	884365485
276	188	4	874792547
72	866	4	880035887
1	171	5	889751711
165	216	4	879525778
181	121	4	878962623
234	626	4	892336358
90	25	5	891384789
263	96	4	891298336
279	586	4	892864663
288	593	2	886892127
286	153	5	877531406
22	80	4	878887227
223	328	3	891548959
268	147	4	876514002
274	405	4	878945840
268	217	2	875744501
164	620	3	889402298
92	515	4	875640800
56	449	5	892679308
234	10	3	891227851
308	187	5	887738760
192	948	3	881368302
85	588	3	880838306
201	272	3	886013700
295	739	4	879518319
295	39	4	879518279
93	820	3	888705966
158	665	2	880134532
82	597	3	878768882
13	823	5	882397833
83	660	4	880308256
222	796	4	878183684
267	121	3	878970681
181	1060	1	878962675
43	120	4	884029430
253	259	2	891628883
77	518	4	884753202
268	21	3	875742822
234	81	3	892334680
236	57	5	890116575
156	661	4	888185947
168	866	5	884287927
141	245	3	884584426
102	70	3	888803537
90	506	5	891383319
44	660	5	878347915
7	661	5	891351624
62	68	1	879374969
178	433	4	882827834
77	474	5	884732407
56	1047	4	892911290
286	99	4	878141681
181	1288	1	878962349
224	69	4	888082495
221	1010	3	875246662
207	318	5	877124871
7	648	5	891351653
195	1052	1	877835102
306	287	4	876504442
94	62	3	891722933
108	100	4	879879720
181	927	1	878962675
90	22	4	891384357
286	357	4	877531537
311	179	2	884365357
21	440	1	874951798
181	405	4	878962919
37	540	2	880916070
244	183	4	880606043
270	25	5	876954456
94	572	3	891723883
239	272	5	889181247
254	121	3	886472369
178	385	4	882826982
268	955	3	875745160
276	294	4	874786366
207	845	3	881681663
305	654	4	886323937
64	736	4	889739212
7	378	5	891353011
69	268	5	882027109
21	129	4	874951382
194	152	3	879549996
113	126	5	875076827
95	233	4	879196354
59	323	4	888206809
292	589	4	881105516
79	50	4	891271545
125	190	5	892836309
303	161	5	879468547
255	1034	1	883217030
90	923	5	891383912
279	122	1	875297433
222	448	3	878183565
42	625	3	881108873
254	357	3	886472466
230	1444	2	880485726
6	301	2	883600406
256	443	3	882164727
104	285	4	888465201
111	301	4	891680028
25	222	4	885852817
270	98	5	876955868
83	215	4	880307940
89	216	5	879459859
305	512	4	886323525
286	175	5	877532470
256	86	5	882165103
140	332	3	879013617
11	227	3	891905896
150	181	5	878746685
20	208	2	879669401
181	930	1	878963275
85	1065	3	879455021
222	379	1	878184290
215	421	4	891435704
174	937	5	886432989
68	742	1	876974198
160	462	4	876858346
224	178	4	888082468
99	1016	5	885678724
292	9	4	881104148
85	228	3	882813248
92	831	2	886443708
87	401	2	879876813
1	155	2	878542201
222	53	5	878184113
7	554	3	891354639
161	318	3	891170824
56	91	4	892683275
7	472	2	891353357
226	56	4	883889102
308	1286	3	887738151
180	202	3	877128388
145	56	5	875271896
84	742	3	883450643
17	13	3	885272654
148	1	4	877019411
21	164	5	874951695
239	491	5	889181015
297	89	4	875239125
186	250	1	879023607
104	756	2	888465739
239	194	5	889178833
280	1	4	891700426
224	583	1	888103729
60	162	4	883327734
239	513	5	889178887
233	375	4	876374419
110	38	3	886988574
99	873	1	885678436
201	518	4	884112201
214	131	3	891544465
222	87	3	878182589
217	182	2	889070109
239	234	3	889178762
194	77	3	879527421
109	178	3	880572950
59	485	2	888204466
70	1133	3	884151344
198	234	3	884207833
174	660	5	886514261
130	1248	3	880396702
283	432	5	879297965
311	98	5	884364502
130	105	4	876251160
286	73	5	877532965
56	222	5	892679439
239	9	5	889180446
297	73	2	875239691
94	860	2	891723706
275	265	4	880314031
291	1178	4	875086354
70	399	4	884068521
301	523	4	882076146
244	172	4	880605665
53	281	4	879443288
244	790	4	880608037
151	13	3	879542688
24	191	5	875323003
307	634	3	879283385
234	241	2	892335042
293	137	3	888904653
75	240	1	884050661
207	68	2	877125350
313	566	4	891016220
188	443	4	875074329
145	974	1	882182634
83	385	4	887665549
109	402	4	880581344
185	216	4	883526268
149	319	2	883512658
230	963	5	880484370
253	97	4	891628501
106	526	4	881452685
62	86	2	879374640
84	1033	4	883452711
207	58	3	875991047
109	97	3	880578711
297	275	5	874954260
78	255	4	879633745
308	59	4	887737647
297	234	3	875239018
250	204	2	878091682
186	148	4	891719774
91	683	3	891438351
291	376	3	875086534
145	737	2	875272833
276	419	5	874792907
102	524	3	888803537
62	302	3	879371909
268	298	3	875742647
313	616	5	891015049
279	168	5	875296435
62	59	4	879373821
83	97	4	880308690
16	178	5	877719333
90	945	5	891383866
42	98	4	881106711
274	50	5	878944679
94	792	4	885873006
293	708	3	888907527
18	950	3	880130764
200	892	4	884127082
296	222	5	884196640
196	381	4	881251728
72	196	4	880036747
128	182	4	879967225
7	171	3	891351287
172	220	4	875537441
190	974	2	891625949
308	436	4	887739257
64	1063	3	889739539
220	298	4	881198966
285	269	4	890595313
198	658	3	884208173
210	70	4	887730589
158	128	2	880134296
75	237	2	884050309
223	1150	2	891549841
276	78	4	877934828
293	325	2	888904353
1	47	4	875072125
96	673	4	884402860
7	451	5	891353892
6	517	4	883602212
214	117	4	891543241
277	257	3	879543487
95	68	4	879196231
6	23	4	883601365
313	436	4	891029877
262	617	3	879793715
66	181	5	883601425
181	1332	1	878962278
206	302	5	888180227
76	61	4	875028123
314	28	5	877888346
44	258	4	878340824
16	89	2	877717833
248	117	5	884535433
138	523	5	879024043
291	15	5	874833668
239	96	5	889178798
94	155	2	891723807
223	423	3	891550684
145	355	3	888396967
179	339	1	892151366
307	949	4	877123315
116	331	3	876451911
308	174	4	887736696
188	237	3	875073648
246	721	4	884921794
194	239	3	879522917
122	378	4	879270769
262	64	5	879793022
223	763	3	891550067
83	43	4	880308690
174	402	5	886513729
59	177	4	888204349
244	53	3	880607489
43	40	3	883956468
42	953	2	881108815
122	510	4	879270327
222	106	2	883816184
304	259	1	884967253
49	68	1	888069513
165	372	5	879525987
3	335	1	889237269
44	15	4	878341343
29	189	4	882821942
130	949	3	876251944
303	779	1	879543418
194	191	4	879521856
56	447	4	892679067
181	1334	1	878962240
92	747	4	875656164
58	173	5	884305353
134	879	4	891732393
254	230	4	886472400
16	209	5	877722736
181	1327	1	878963305
200	588	5	884128499
297	432	4	875239658
151	12	5	879524368
305	483	5	886323068
44	240	4	878346997
214	213	4	891544414
104	287	2	888465347
1	222	4	878873388
230	419	4	880484587
94	651	5	891725332
14	174	5	890881294
276	1081	3	880913705
268	580	3	875309344
279	89	4	875306910
112	331	4	884992603
18	202	3	880130515
87	210	5	879875734
181	328	3	878961227
253	746	3	891628630
299	1047	2	877880041
216	174	5	881432488
79	1161	2	891271697
4	303	5	892002352
138	517	4	879024279
5	1	4	875635748
62	433	5	879375588
293	166	3	888905520
264	70	4	886123596
24	763	5	875322875
3	245	1	889237247
162	1019	4	877636556
99	246	3	888469392
160	160	5	876862078
303	1160	2	879544629
44	507	3	878347392
164	930	4	889402340
28	217	3	881961671
18	729	3	880131236
109	1012	4	880564570
92	1209	1	875660468
15	222	3	879455730
303	693	4	879466771
194	160	2	879551380
77	91	3	884752924
177	321	2	880130481
197	302	3	891409070
85	282	3	879829618
181	1	3	878962392
279	96	4	875310606
18	182	4	880130640
87	177	5	879875940
213	13	4	878955139
128	739	4	879969349
25	208	4	885852337
207	1350	2	877878772
5	363	3	875635225
70	419	5	884065035
151	919	5	879524368
201	209	3	884112801
11	740	4	891903067
184	277	3	889907971
38	161	5	892432062
104	300	3	888442275
180	1119	3	877128156
121	14	5	891390014
252	277	4	891456797
210	527	5	887736232
312	573	5	891712535
234	1397	4	892334976
117	15	5	880125887
64	516	5	889737376
239	81	3	889179808
256	220	3	882151690
203	282	1	880434919
144	153	5	888105823
210	274	5	887730676
13	807	1	886304229
65	1142	4	879217349
76	175	4	875028853
263	1451	4	891299949
121	117	1	891388600
303	426	3	879542535
6	492	5	883601089
279	746	5	875310233
184	191	4	889908716
313	22	3	891014870
13	121	5	882397503
58	214	2	884305296
62	288	2	879371909
161	898	3	891170191
94	218	3	891721851
311	566	4	884366112
85	604	4	882995132
184	514	5	889908497
90	690	4	891383319
104	1016	1	888466002
181	1010	1	878962774
276	845	4	874786807
70	82	4	884068075
308	95	4	887737130
270	778	5	876955711
92	540	2	875813197
293	412	1	888905377
13	308	3	881514726
116	250	4	876452606
63	1007	5	875747368
104	1010	1	888465554
269	1165	1	891446904
237	191	4	879376773
290	132	3	880473993
224	678	3	888082277
277	1011	3	879543697
272	1101	5	879454977
184	86	5	889908694
222	148	2	881061164
271	187	5	885848343
246	425	5	884921918
176	327	3	886047176
129	331	2	883244737
95	1	5	879197329
151	58	4	879524849
311	386	3	884365747
158	510	3	880134296
72	427	5	880037702
94	1048	4	891722678
45	118	4	881014550
145	22	5	875273021
182	69	5	876435435
214	302	4	892668197
102	322	3	883277645
249	930	2	879640585
109	258	5	880562908
282	288	4	879949367
23	381	4	874787350
303	145	1	879543573
151	372	5	879524819
304	237	5	884968415
64	160	4	889739288
168	1278	3	884287560
18	113	5	880129628
90	499	5	891383866
87	196	5	879877681
150	129	4	878746946
70	210	4	884065854
222	1057	4	881061370
204	216	4	892513864
57	682	3	883696824
60	403	3	883327087
43	204	4	883956122
197	300	4	891409422
294	282	3	877821796
201	215	2	884140382
271	705	4	885849052
73	657	5	888625422
315	273	3	879821349
255	472	1	883216958
66	7	3	883601355
101	222	3	877136243
144	182	3	888105743
102	625	3	883748418
297	588	4	875238579
271	482	5	885848519
178	276	3	882823978
181	1094	1	878963086
267	17	4	878971773
194	647	4	879521531
1	227	4	876892946
170	292	5	884103732
60	1021	5	883326185
197	55	3	891409982
195	1014	4	879673925
84	748	4	883449530
316	98	5	880853743
168	274	4	884287865
299	588	4	877880852
287	294	5	875333873
279	1048	1	886015533
181	408	1	878962550
49	47	5	888068715
44	95	4	878347569
135	39	3	879857931
262	386	3	879795512
116	942	3	876454090
141	826	2	884585437
222	1044	4	881060578
279	254	3	879572960
145	1245	5	875271397
49	625	3	888067031
313	99	4	891014029
308	848	4	887736925
130	542	3	875801778
165	288	2	879525673
49	581	3	888068143
118	475	5	875384793
104	293	3	888465166
142	82	4	888640356
303	94	3	879485318
306	14	5	876503995
227	295	5	879035387
94	820	1	891723186
30	539	3	885941454
6	508	3	883599530
268	364	3	875743979
214	275	3	891542968
262	293	2	879790906
62	132	5	879375022
13	59	4	882140425
102	161	2	888801876
291	7	5	874834481
31	484	5	881548030
56	172	5	892737191
110	1246	2	886989613
246	1218	3	884922801
24	367	2	875323241
308	741	4	887739863
214	1129	4	892668249
269	674	2	891451754
32	151	3	883717850
215	423	5	891435526
154	289	2	879138345
85	298	4	880581629
184	36	3	889910195
305	11	1	886323237
73	94	1	888625754
177	203	4	880131026
198	7	4	884205317
189	197	5	893265291
172	462	3	875537717
101	471	3	877136535
26	235	2	891372429
276	773	3	874792794
7	401	4	891354257
104	7	3	888465972
256	25	5	882150552
275	69	3	880314089
312	494	5	891698454
264	504	5	886122577
185	740	4	883524475
42	176	3	881107178
189	634	3	893265506
251	148	2	886272547
239	58	5	889179623
92	15	3	875640189
311	419	3	884364931
249	746	5	879641209
19	655	3	885412723
189	751	4	893265046
201	919	3	884141208
214	42	5	892668130
234	132	4	892333865
13	354	2	888779458
82	14	4	876311280
305	50	5	886321799
277	279	4	879543592
92	81	3	875654929
94	58	5	891720540
244	148	2	880605071
181	874	1	878961749
303	433	4	879467985
221	327	4	875243968
91	28	4	891439243
64	176	4	889737567
116	271	4	886310197
62	111	3	879372670
303	120	2	879544099
307	1022	4	879283008
286	154	4	877533381
235	87	4	889655162
276	157	5	874790773
57	243	3	883696547
7	576	5	892132943
318	768	2	884498022
289	282	3	876789180
50	823	3	877052784
18	496	5	880130470
263	510	4	891298392
207	716	3	875508783
250	338	4	883263374
95	172	4	879196847
59	583	5	888205921
303	1286	4	879467413
269	235	3	891446756
223	977	2	891550295
185	199	4	883526268
235	480	4	889655044
99	354	2	888469332
303	738	2	879544276
298	252	4	884183833
315	13	4	879821158
269	9	4	891446246
293	79	3	888906045
101	405	4	877137015
249	88	4	879572668
13	331	3	881515457
92	731	4	875653769
311	203	5	884365201
201	660	3	884140927
138	496	4	879024043
217	7	4	889069741
176	258	4	886047026
81	169	4	876534751
72	530	4	880037164
88	750	2	891037276
263	117	3	891299387
92	528	4	875657681
262	754	3	879961283
207	1436	3	878191574
276	226	4	874792520
311	849	3	884365781
203	148	3	880434755
313	745	3	891016583
251	1014	5	886272486
59	550	5	888206605
58	100	5	884304553
286	1316	5	884583549
7	228	4	891350845
160	56	5	876770222
11	110	3	891905324
45	763	2	881013563
291	732	4	874868097
49	334	4	888065744
161	162	2	891171413
59	215	5	888204430
151	1298	4	879528520
29	332	4	882820869
297	182	3	875239125
23	172	4	874785889
321	496	4	879438607
106	778	4	881453040
178	678	3	882823530
94	168	5	891721378
239	529	5	889179808
261	875	5	890454351
112	289	5	884992690
199	258	4	883782403
85	501	3	880838306
145	743	1	888398516
130	206	3	875801695
152	412	2	880149328
286	231	3	877532094
5	211	4	875636631
6	357	4	883602422
297	736	4	875239975
57	760	2	883697617
23	1006	3	874785809
307	265	3	877122816
223	411	1	891550005
137	300	5	881432524
276	38	3	874792574
286	34	5	877534701
150	221	4	878747017
130	731	3	876251922
1	90	4	878542300
49	38	1	888068289
36	307	4	882157227
151	89	5	879524491
95	1229	2	879198800
203	181	5	880434278
269	47	4	891448386
